array contains 10 draws
0,52.24508831906438,12.51257259754511
1,57.38116894187716,15.605319439303821
2,54.54356621875918,12.463966709233524
3,58.50584836654188,12.277085324729907
4,52.47572790538559,16.16321528743207
5,58.90781737309801,12.178973961967023
6,59.284286770946416,9.959145276322698
7,53.0290158565611,6.218949563550794
8,56.100429569923925,8.847803391519985
9,54.6434901174401,14.881965507937515
array contains 100 draws
0,55.63877724855417,13.042789843120246
1,55.8132240359968,11.997855398790161
2,54.87158977462302,13.658835898109457
3,55.365146723839445,12.601197908295934
4,57.89839554721302,11.711214028424505
5,55.06842042843366,15.47356870939294
6,55.57086671418971,13.096512291391468
7,55.2848698105028,14.032835096341405
8,52.865103472804684,12.403219704215529
9,54.78521712869005,11.589422477101504
array contains 1000 draws
0,54.77349543631602,13.294036463746464
1,54.70896078090508,13.145897155007836
2,55.09735067612081,13.362680518196369
3,55.123175817912056,13.349029577606727
4,55.744090664433315,13.14965761141027
5,55.496875163799125,13.18582143822227
6,55.034009472513034,13.179048355940115
7,55.26250967380484,13.05624809124444
8,55.03765592234778,12.69069055432342
9,55.81394305365834,13.562972024926342
array contains 10000 draws
0,54.92973138264805,12.955857391748639
1,55.07958658513997,13.07657328301101
2,54.955335164353066,13.0371435394829
3,55.19421514141241,12.921872869847865
4,54.988330499184144,13.240344328795823
5,55.16694874713179,12.967888282269692
6,55.042055709514116,12.747161095058042
7,54.92230805167075,13.000321135549017
8,55.10617252661781,12.945698604598334
9,54.79216707764191,12.883874841512256
array contains 100000 draws
0,55.02270663953133,13.025084445432018
1,54.97257813930827,13.02805920481055
2,54.98966199998347,13.045035417970192
3,54.92437553042117,12.995139780076398
4,55.015067027231865,12.941237435474775
5,54.995163697433824,13.028951572325534
6,55.01451570419662,12.99498394506388
7,55.017932488670006,12.984513594816296
8,55.01851797660329,12.938954813016725
9,55.07828210689366,12.966201045427269
array contains 1000000 draws
0,55.031139712947585,12.998901538286093
1,54.99439798376124,13.001460425198863
2,54.99207208931445,12.99274993847456
3,54.989566764790474,12.995466589680651
4,54.98437893211936,13.008413229928886
5,55.00850607976331,13.002298114530781
6,55.01541653804655,13.00275658515518
7,55.0088106642705,12.99943818513375
8,55.01699875352243,12.999254933867551
9,55.002545266054064,12.986024313842947
sample size,   Standard deviation of mean
10, 2.567398680159889
100, 1.1677305024817417
1000, 0.3546164647023836
10000, 0.11753231905853789
100000, 0.037561970721879716
1000000, 0.013812102584992098
