array contains 10 draws
0,49.763120338676444,15.789176503677227
1,59.18884748713877,12.897835790761688
2,55.99977519200992,17.21712429510432
3,52.49094631828399,11.750220475264591
4,55.39747670903604,10.432191186927987
5,53.775330459454,5.596976851915017
6,57.555325702376784,13.67659179194829
7,51.22635142856658,13.949121749421513
8,57.60369729975521,10.280381324144374
9,44.41822780671954,10.94520420184783
array contains 10 draws
0,55.61001596821037,13.278929141686387
1,57.34772043552995,10.514190519723876
2,55.12316463133438,8.017138794445096
3,57.86370416474712,12.13464174713789
4,57.55440492252857,8.02149860080066
5,46.494648126653814,15.778277643728629
6,54.73739669747732,10.06944189408878
7,48.065266567913866,15.567887383696826
8,52.910524610299696,15.614229700587627
9,61.95849439081005,14.54094220959682
array contains 100 draws
0,53.31907485547326,13.329099624448453
1,56.02456741334742,13.760012577781605
2,55.48242107961366,12.076468972354807
3,55.92957761311406,13.39435025300955
4,56.32220538861964,13.027295646459141
5,57.21172131413968,12.971300060821957
6,56.711143676707536,13.703007678468598
7,56.02377385616985,12.93061661174656
8,55.86946056162118,12.761252350496123
9,56.00463768794237,13.072445188384838
array contains 1000 draws
0,54.79037956830141,13.195774059933093
1,54.00493381639227,13.005046092887886
2,55.16404011021269,12.85203061904387
3,54.64873968211205,12.94223308576704
4,55.26839333959526,13.43167595878328
5,55.79249469215725,12.974255607614
6,54.822768580827265,12.7158733664225
7,54.935855787036466,13.125652616655225
8,55.481093587124,12.938797939029337
9,54.64132093998784,13.013576533696144
array contains 10000 draws
0,54.90647281537327,13.123139918775125
1,54.91280961074068,13.032788800399164
2,54.94308644644376,12.768546312026752
3,55.200574659734094,12.881332601927374
4,54.90310641676247,12.883574103482797
5,54.916096275261275,13.18306756515481
6,55.1527479433697,12.945365945102647
7,55.15529234706643,13.139850266731
8,55.15042732564394,12.961417801306348
9,55.1173916017205,13.089519073678433
array contains 100000 draws
0,55.01008181460124,12.992838802340142
1,54.975710386573176,13.016787756829649
2,55.07635212807159,12.987908255569382
3,55.014549954223234,12.974439879334659
4,55.018518080629285,13.045966683584114
5,54.963542654046556,12.955501724455518
6,55.07372286874056,13.044091388154557
7,55.01245468405282,12.978581981188388
8,54.88738283293767,13.04812011493816
9,54.98599068435026,12.98652604925813
array contains 1000000 draws
0,55.007500939669995,13.001219110452183
1,54.99205973708789,12.987498807707906
2,54.984369399108026,13.016042776289678
3,54.99920737898424,12.993283049518226
4,54.9898093212312,13.006161973462339
5,54.99107626358362,13.005343298245675
6,55.00470510841,13.004838331581762
7,54.98645031795083,12.996108934522777
8,54.97199168263769,12.983565965791335
9,55.00820041528651,12.985181584496814
sample size,   Standard deviation of mean
10, 4.397349805973854
100, 0.9713359887935603
1000, 0.4753790275792051
10000, 0.1213618854930864
100000, 0.05180790557906811
1000000, 0.01089718766228838
